# Output calculted for the following parameters:
# Energy	155 MeV
# Particle	proton

# And for the following materials
Material	Density		e-density	RadLength	I	EM-DEDX		Nucl-DEDX	Tot-DEDX	Mu_mass
		(g/cm³)		(e-/mm³)	(mm)		(eV)	(MeV.cm²/g)	(MeV.cm²/g)	(MeV.cm²/g)	(cm²/g)
worldDefaultAir		0.00129		3.88234e+17	285161		85.7031	4.71741		0	4.71741		0
Air		0.00129		3.87726e+17	283896		85.6694	4.71149		0	4.71149		0
Vacuum		1e-09		5.96252e+11	6.31723e+11		19.2	11.0758		0	11.0758		0
Air_0		0.00121		3.63675e+17	302608		85.6835	4.71132		0	4.71132		0
Lung_1		0.0255129		8.4543e+18	14319.4		69.7265	5.3265		0	5.3265		0
Lung_2		0.0345387		1.14452e+19	10577.4		69.7265	5.3265		0	5.3265		0
Lung_3		0.0435646		1.44361e+19	8385.96		69.7265	5.3265		0	5.3265		0
Lung_4		0.0525904		1.74271e+19	6946.72		69.7265	5.3265		0	5.3265		0
Lung_5		0.0616162		2.0418e+19	5929.13		69.7265	5.3265		0	5.3265		0
Lung_6		0.0706421		2.34089e+19	5171.58		69.7265	5.3265		0	5.3265		0
Lung_7		0.0796679		2.63998e+19	4585.67		69.7265	5.3265		0	5.3265		0
Lung_8		0.0886937		2.93907e+19	4119.01		69.7265	5.3265		0	5.3265		0
Lung_9		0.0977195		3.23817e+19	3738.56		69.7265	5.3265		0	5.3265		0
Lung_10		0.106745		3.53726e+19	3422.45		69.7265	5.3265		0	5.3265		0
Lung_11		0.115771		3.83635e+19	3155.63		69.7265	5.3265		0	5.3265		0
Lung_12		0.124797		4.13544e+19	2927.4		69.7265	5.3265		0	5.3265		0
Lung_13		0.133823		4.43453e+19	2729.96		69.7265	5.3265		0	5.3265		0
Lung_14		0.142849		4.73363e+19	2557.47		69.7265	5.3265		0	5.3265		0
Lung_15		0.151871		5.03259e+19	2405.54		69.7265	5.3265		0	5.3265		0
Lung_16		0.16089		5.33146e+19	2270.69		69.7265	5.3265		0	5.3265		0
Lung_17		0.169909		5.63032e+19	2150.16		69.7265	5.3265		0	5.3265		0
Lung_18		0.178928		5.92919e+19	2041.78		69.7265	5.3265		0	5.3265		0
Lung_19		0.187947		6.22806e+19	1943.8		69.7265	5.3265		0	5.3265		0
Lung_20		0.196966		6.52692e+19	1854.79		69.7265	5.3265		0	5.3265		0
Lung_21		0.205985		6.82579e+19	1773.58		69.7265	5.3265		0	5.3265		0
Lung_22		0.215004		7.12466e+19	1699.18		69.7265	5.3265		0	5.3265		0
Lung_23		0.224023		7.42352e+19	1630.77		69.7265	5.3265		0	5.3265		0
Lung_24		0.233042		7.72239e+19	1567.66		69.7265	5.3265		0	5.3265		0
Lung_25		0.242061		8.02126e+19	1509.25		69.7265	5.3265		0	5.3265		0
Lung_26		0.25108		8.32012e+19	1455.04		69.7265	5.3265		0	5.3265		0
Lung_27		0.260091		8.61874e+19	1404.62		69.7265	5.3265		0	5.3265		0
Lung_28		0.269082		8.91667e+19	1357.69		69.7265	5.3265		0	5.3265		0
Lung_29		0.278073		9.2146e+19	1313.79		69.7265	5.3265		0	5.3265		0
Lung_30		0.287064		9.51253e+19	1272.65		69.7265	5.3265		0	5.3265		0
Lung_31		0.296054		9.81046e+19	1234		69.7265	5.3265		0	5.3265		0
Lung_32		0.305045		1.01084e+20	1197.63		69.7265	5.3265		0	5.3265		0
Lung_33		0.314036		1.04063e+20	1163.34		69.7265	5.3265		0	5.3265		0
Lung_34		0.323027		1.07042e+20	1130.96		69.7265	5.3265		0	5.3265		0
Lung_35		0.332017		1.10022e+20	1100.34		69.7265	5.3265		0	5.3265		0
Lung_36		0.341008		1.13001e+20	1071.33		69.7265	5.3265		0	5.3265		0
Lung_37		0.349999		1.1598e+20	1043.81		69.7265	5.3265		0	5.3265		0
Lung_38		0.358989		1.1896e+20	1017.66		69.7265	5.3265		0	5.3265		0
Lung_39		0.36798		1.21939e+20	992.8		69.7265	5.3265		0	5.3265		0
Lung_40		0.376971		1.24918e+20	969.122		69.7265	5.3265		0	5.3265		0
Lung_41		0.385962		1.27897e+20	946.547		69.7265	5.3265		0	5.3265		0
Lung_42		0.394952		1.30877e+20	924.999		69.7265	5.3265		0	5.3265		0
Lung_43		0.403977		1.33867e+20	904.336		69.7265	5.3265		0	5.3265		0
Lung_44		0.413008		1.3686e+20	884.561		69.7265	5.3265		0	5.3265		0
Lung_45		0.422039		1.39853e+20	865.633		69.7265	5.3265		0	5.3265		0
Lung_46		0.43107		1.42845e+20	847.497		69.7265	5.3265		0	5.3265		0
Lung_47		0.440101		1.45838e+20	830.106		69.7265	5.3265		0	5.3265		0
Lung_48		0.449133		1.48831e+20	813.414		69.7265	5.3265		0	5.3265		0
Lung_49		0.458164		1.51823e+20	797.38		69.7265	5.3265		0	5.3265		0
Lung_50		0.467195		1.54816e+20	781.966		69.7265	5.3265		0	5.3265		0
Lung_51		0.476226		1.57809e+20	767.137		69.7265	5.3265		0	5.3265		0
Lung_52		0.485258		1.60801e+20	752.859		69.7265	5.3265		0	5.3265		0
Lung_53		0.494289		1.63794e+20	739.104		69.7265	5.3265		0	5.3265		0
Lung_54		0.50332		1.66787e+20	725.842		69.7265	5.3265		0	5.3265		0
Lung_55		0.512351		1.6978e+20	713.047		69.7265	5.3265		0	5.3265		0
Lung_56		0.521382		1.72772e+20	700.696		69.7265	5.3265		0	5.3265		0
Lung_57		0.530414		1.75765e+20	688.766		69.7265	5.3265		0	5.3265		0
Lung_58		0.539445		1.78758e+20	677.235		69.7265	5.3265		0	5.3265		0
Lung_59		0.548476		1.8175e+20	666.083		69.7265	5.3265		0	5.3265		0
Lung_60		0.557507		1.84743e+20	655.293		69.7265	5.3265		0	5.3265		0
Lung_61		0.566538		1.87736e+20	644.847		69.7265	5.3265		0	5.3265		0
Lung_62		0.57557		1.90729e+20	634.729		69.7265	5.3265		0	5.3265		0
Lung_63		0.584601		1.93721e+20	624.923		69.7265	5.3265		0	5.3265		0
Lung_64		0.593632		1.96714e+20	615.416		69.7265	5.3265		0	5.3265		0
Lung_65		0.602663		1.99707e+20	606.194		69.7265	5.3265		0	5.3265		0
Lung_66		0.611695		2.02699e+20	597.244		69.7265	5.3265		0	5.3265		0
Lung_67		0.620726		2.05692e+20	588.554		69.7265	5.3265		0	5.3265		0
Lung_68		0.629757		2.08685e+20	580.114		69.7265	5.3265		0	5.3265		0
Lung_69		0.642263		2.12829e+20	568.818		69.7265	5.3265		0	5.3265		0
Lung_70		0.658445		2.18191e+20	554.839		69.7265	5.3265		0	5.3265		0
Lung_71		0.674627		2.23553e+20	541.53		69.7265	5.3265		0	5.3265		0
Lung_72		0.690809		2.28916e+20	528.845		69.7265	5.3265		0	5.3265		0
Lung_73		0.706991		2.34278e+20	516.74		69.7265	5.3265		0	5.3265		0
Lung_74		0.723173		2.3964e+20	505.177		69.7265	5.3265		0	5.3265		0
Lung_75		0.739355		2.45003e+20	494.121		69.7265	5.3265		0	5.3265		0
Lung_76		0.755537		2.50365e+20	483.538		69.7265	5.3265		0	5.3265		0
Lung_77		0.771719		2.55727e+20	473.398		69.7265	5.3265		0	5.3265		0
Lung_78		0.787901		2.6109e+20	463.676		69.7265	5.3265		0	5.3265		0
Lung_79		0.802546		2.65943e+20	455.215		69.7265	5.3265		0	5.3265		0
Adiposetissue3_80		0.814121		2.7285e+20	516.937		62.0319	5.46496		0	5.46496		0
Adiposetissue3_81		0.824162		2.76215e+20	510.639		62.0319	5.46496		0	5.46496		0
Adiposetissue3_82		0.834204		2.79581e+20	504.492		62.0319	5.46496		0	5.46496		0
Adiposetissue3_83		0.844245		2.82946e+20	498.492		62.0319	5.46496		0	5.46496		0
Adiposetissue3_84		0.854287		2.86311e+20	492.632		62.0319	5.46496		0	5.46496		0
Adiposetissue3_85		0.864328		2.89677e+20	486.909		62.0319	5.46496		0	5.46496		0
Adiposetissue3_86		0.87437		2.93042e+20	481.317		62.0319	5.46496		0	5.46496		0
Adiposetissue3_87		0.884411		2.96408e+20	475.853		62.0319	5.46496		0	5.46496		0
Adiposetissue3_88		0.894453		2.99773e+20	470.511		62.0319	5.46496		0	5.46496		0
Adiposetissue3_89		0.904494		3.03138e+20	465.287		62.0319	5.46496		0	5.46496		0
Adiposetissue3_90		0.914536		3.06504e+20	460.178		62.0319	5.46496		0	5.46496		0
Adiposetissue3_91		0.924577		3.09869e+20	455.18		62.0319	5.46496		0	5.46496		0
Adiposetissue3_92		0.934441		3.13175e+20	450.376		62.0319	5.46496		0	5.46496		0
Adiposetissue3_93		0.94275		3.1596e+20	446.406		62.0319	5.46496		0	5.46496		0
Adiposetissue2_94		0.9512		3.18249e+20	433.459		63.0456	5.44489		0	5.44489		0
Adiposetissue2_95		0.95985		3.21143e+20	429.552		63.0456	5.44489		0	5.44489		0
Adiposetissue1_96		0.968571		3.23508e+20	417.459		64.0525	5.42508		0	5.42508		0
Adiposetissue1_97		0.978699		3.2689e+20	413.139		64.0525	5.42508		0	5.42508		0
Adiposetissue1_98		0.988598		3.30197e+20	409.002		64.0525	5.42508		0	5.42508		0
Adiposetissue1_99		0.998497		3.33503e+20	404.947		64.0525	5.42508		0	5.42508		0
Adiposetissue1_100		1.00835		3.36795e+20	400.989		64.0525	5.42508		0	5.42508		0
Adiposetissue1_101		1.01768		3.39911e+20	397.313		64.0525	5.42508		0	5.42508		0
Adiposetissue1_102		1.02551		3.42525e+20	394.281		64.0525	5.42508		0	5.42508		0
SoftTissue_103		1.0329		3.42277e+20	357.91		69.1757	5.33177		0	5.33177		0
SoftTissue_104		1.0429		3.45591e+20	354.478		69.1757	5.33177		0	5.33177		0
SoftTissue_105		1.0529		3.48904e+20	351.111		69.1757	5.33177		0	5.33177		0
SoftTissue_106		1.0629		3.52218e+20	347.808		69.1757	5.33177		0	5.33177		0
SoftTissue_107		1.0729		3.55532e+20	344.566		69.1757	5.33177		0	5.33177		0
SoftTissue_108		1.0829		3.58846e+20	341.384		69.1757	5.33177		0	5.33177		0
SoftTissue_109		1.088		3.60536e+20	339.784		69.1757	5.33177		0	5.33177		0
ConnectiveTissue_110		1.09532		3.59994e+20	340.486		70.1132	5.27981		0	5.27981		0
ConnectiveTissue_111		1.10975		3.64738e+20	336.058		70.1132	5.27981		0	5.27981		0
ConnectiveTissue_112		1.12418		3.69481e+20	331.743		70.1132	5.27981		0	5.27981		0
ConnectiveTissue_113		1.13861		3.74225e+20	327.538		70.1132	5.27981		0	5.27981		0
ConnectiveTissue_114		1.14438		3.76119e+20	325.888		70.1132	5.27981		0	5.27981		0
ConnectiveTissue_115		1.14503		3.76333e+20	325.703		70.1132	5.27981		0	5.27981		0
Sternum_116		1.15031		3.722e+20	290.959		77.6844	5.13376		0	5.13376		0
Sternum_117		1.16032		3.7544e+20	288.449		77.6844	5.13376		0	5.13376		0
Sternum_118		1.17033		3.78679e+20	285.981		77.6844	5.13376		0	5.13376		0
Sternum_119		1.18034		3.81918e+20	283.556		77.6844	5.13376		0	5.13376		0
Sternum_120		1.19035		3.85157e+20	281.171		77.6844	5.13376		0	5.13376		0
Sternum_121		1.20036		3.88397e+20	278.826		77.6844	5.13376		0	5.13376		0
Sternum_122		1.21037		3.91636e+20	276.52		77.6844	5.13376		0	5.13376		0
Sternum_123		1.22038		3.94875e+20	274.251		77.6844	5.13376		0	5.13376		0
Sternum_124		1.2304		3.98115e+20	272.02		77.6844	5.13376		0	5.13376		0
Sternum_125		1.24041		4.01354e+20	269.824		77.6844	5.13376		0	5.13376		0
Sternum_126		1.25039		4.04584e+20	267.67		77.6844	5.13376		0	5.13376		0
Sternum_127		1.26036		4.07811e+20	265.552		77.6844	5.13376		0	5.13376		0
Sternum_128		1.27033		4.11037e+20	263.468		77.6844	5.13376		0	5.13376		0
Sternum_129		1.27891		4.13812e+20	261.701		77.6844	5.13376		0	5.13376		0
Sacrummale_130		1.2875		4.15005e+20	254.422		79.597	5.09895		0	5.09895		0
Sacrummale_131		1.2975		4.18229e+20	252.461		79.597	5.09895		0	5.09895		0
Sacrummale_132		1.3075		4.21452e+20	250.53		79.597	5.09895		0	5.09895		0
Sacrummale_133		1.31495		4.23854e+20	249.11		79.597	5.09895		0	5.09895		0
Vertcolwhole_134		1.3224		4.25028e+20	242.774		81.4462	5.06979		0	5.06979		0
Vertcolwhole_135		1.3324		4.28242e+20	240.952		81.4462	5.06979		0	5.06979		0
Vertcolwhole_136		1.3424		4.31456e+20	239.157		81.4462	5.06979		0	5.06979		0
Vertcolwhole_137		1.3524		4.3467e+20	237.389		81.4462	5.06979		0	5.06979		0
Vertcolwhole_138		1.3624		4.37884e+20	235.646		81.4462	5.06979		0	5.06979		0
Vertcolwhole_139		1.3722		4.41034e+20	233.964		81.4462	5.06979		0	5.06979		0
Sacrumfemale_140		1.382		4.42031e+20	226.726		83.8325	5.02732		0	5.02732		0
Sacrumfemale_141		1.392		4.4523e+20	225.098		83.8325	5.02732		0	5.02732		0
Sacrumfemale_142		1.402		4.48428e+20	223.492		83.8325	5.02732		0	5.02732		0
Sacrumfemale_143		1.40715		4.50076e+20	222.674		83.8325	5.02732		0	5.02732		0
VertcolC4exclcartilage_144		1.4123		4.50429e+20	219.042		85.2598	5.00242		0	5.00242		0
VertcolC4exclcartilage_145		1.4223		4.53618e+20	217.502		85.2598	5.00242		0	5.00242		0
VertcolC4exclcartilage_146		1.4323		4.56807e+20	215.984		85.2598	5.00242		0	5.00242		0
VertcolC4exclcartilage_147		1.4423		4.59997e+20	214.486		85.2598	5.00242		0	5.00242		0
VertcolC4exclcartilage_148		1.4496		4.62325e+20	213.406		85.2598	5.00242		0	5.00242		0
Claviclescapula_149		1.4569		4.63238e+20	209.276		86.7765	4.97645		0	4.97645		0
Claviclescapula_150		1.4669		4.66417e+20	207.849		86.7765	4.97645		0	4.97645		0
Claviclescapula_151		1.4769		4.69597e+20	206.442		86.7765	4.97645		0	4.97645		0
Claviclescapula_152		1.4869		4.72776e+20	205.054		86.7765	4.97645		0	4.97645		0
Claviclescapula_153		1.4969		4.75956e+20	203.684		86.7765	4.97645		0	4.97645		0
Claviclescapula_154		1.5069		4.79136e+20	202.332		86.7765	4.97645		0	4.97645		0
Claviclescapula_155		1.5169		4.82315e+20	200.998		86.7765	4.97645		0	4.97645		0
Claviclescapula_156		1.5269		4.85495e+20	199.682		86.7765	4.97645		0	4.97645		0
Claviclescapula_157		1.5369		4.88674e+20	198.383		86.7765	4.97645		0	4.97645		0
Claviclescapula_158		1.5469		4.91854e+20	197.1		86.7765	4.97645		0	4.97645		0
Claviclescapula_159		1.5569		4.95034e+20	195.834		86.7765	4.97645		0	4.97645		0
Claviclescapula_160		1.5669		4.98213e+20	194.584		86.7765	4.97645		0	4.97645		0
Claviclescapula_161		1.5769		5.01393e+20	193.35		86.7765	4.97645		0	4.97645		0
Claviclescapula_162		1.5869		5.04573e+20	192.132		86.7765	4.97645		0	4.97645		0
Claviclescapula_163		1.5926		5.06385e+20	191.444		86.7765	4.97645		0	4.97645		0
Cranium_164		1.5983		5.03321e+20	181.32		92.7615	4.88754		0	4.88754		0
Cranium_165		1.6083		5.06471e+20	180.192		92.7615	4.88754		0	4.88754		0
Cranium_166		1.6183		5.0962e+20	179.079		92.7615	4.88754		0	4.88754		0
Cranium_167		1.6283		5.12769e+20	177.979		92.7615	4.88754		0	4.88754		0
Cranium_168		1.6383		5.15918e+20	176.893		92.7615	4.88754		0	4.88754		0
Cranium_169		1.6483		5.19067e+20	175.819		92.7615	4.88754		0	4.88754		0
Cranium_170		1.6558		5.21429e+20	175.023		92.7615	4.88754		0	4.88754		0
Mandible_171		1.6633		5.21743e+20	171.375		95.0201	4.8537		0	4.8537		0
Mandible_172		1.6733		5.24879e+20	170.35		95.0201	4.8537		0	4.8537		0
Mandible_173		1.6833		5.28016e+20	169.338		95.0201	4.8537		0	4.8537		0
Mandible_174		1.6933		5.31153e+20	168.338		95.0201	4.8537		0	4.8537		0
Mandible_175		1.7033		5.3429e+20	167.35		95.0201	4.8537		0	4.8537		0
Mandible_176		1.7133		5.37427e+20	166.373		95.0201	4.8537		0	4.8537		0
Mandible_177		1.7233		5.40563e+20	165.408		95.0201	4.8537		0	4.8537		0
Mandible_178		1.7293		5.42445e+20	164.834		95.0201	4.8537		0	4.8537		0
Femurcylindricalshaft_179		1.7353		5.42148e+20	161.276		97.5092	4.81856		0	4.81856		0
Femurcylindricalshaft_180		1.7453		5.45272e+20	160.352		97.5092	4.81856		0	4.81856		0
Femurcylindricalshaft_181		1.7553		5.48396e+20	159.438		97.5092	4.81856		0	4.81856		0
Femurcylindricalshaft_182		1.7653		5.5152e+20	158.535		97.5092	4.81856		0	4.81856		0
Femurcylindricalshaft_183		1.7753		5.54645e+20	157.642		97.5092	4.81856		0	4.81856		0
Femurcylindricalshaft_184		1.7853		5.57769e+20	156.759		97.5092	4.81856		0	4.81856		0
Femurcylindricalshaft_185		1.7953		5.60893e+20	155.886		97.5092	4.81856		0	4.81856		0
Femurcylindricalshaft_186		1.8053		5.64017e+20	155.023		97.5092	4.81856		0	4.81856		0
Femurcylindricalshaft_187		1.8153		5.67141e+20	154.169		97.5092	4.81856		0	4.81856		0
Femurcylindricalshaft_188		1.8253		5.70266e+20	153.324		97.5092	4.81856		0	4.81856		0
Femurcylindricalshaft_189		1.8353		5.7339e+20	152.489		97.5092	4.81856		0	4.81856		0
Femurcylindricalshaft_190		1.8453		5.76514e+20	151.662		97.5092	4.81856		0	4.81856		0
Femurcylindricalshaft_191		1.8553		5.79638e+20	150.845		97.5092	4.81856		0	4.81856		0
Femurcylindricalshaft_192		1.8653		5.82763e+20	150.036		97.5092	4.81856		0	4.81856		0
Femurcylindricalshaft_193		1.8753		5.85887e+20	149.236		97.5092	4.81856		0	4.81856		0
Femurcylindricalshaft_194		1.8853		5.89011e+20	148.444		97.5092	4.81856		0	4.81856		0
Femurcylindricalshaft_195		1.8919		5.91073e+20	147.927		97.5092	4.81856		0	4.81856		0
Corticalbone_196		1.8985		5.88469e+20	142.194		102.82	4.74846		0	4.74846		0
Corticalbone_197		1.9085		5.91568e+20	141.449		102.82	4.74846		0	4.74846		0
Corticalbone_198		1.9185		5.94668e+20	140.711		102.82	4.74846		0	4.74846		0
Corticalbone_199		1.9285		5.97768e+20	139.982		102.82	4.74846		0	4.74846		0
Corticalbone_200		1.9385		6.00867e+20	139.26		102.82	4.74846		0	4.74846		0
Corticalbone_201		1.9485		6.03967e+20	138.545		102.82	4.74846		0	4.74846		0
Corticalbone_202		1.9585		6.07067e+20	137.838		102.82	4.74846		0	4.74846		0
Corticalbone_203		1.9685		6.10166e+20	137.137		102.82	4.74846		0	4.74846		0
Corticalbone_204		1.9785		6.13266e+20	136.444		102.82	4.74846		0	4.74846		0
Corticalbone_205		1.9885		6.16366e+20	135.758		102.82	4.74846		0	4.74846		0
Corticalbone_206		1.9985		6.19465e+20	135.079		102.82	4.74846		0	4.74846		0
Corticalbone_207		2.0085		6.22565e+20	134.406		102.82	4.74846		0	4.74846		0
Corticalbone_208		2.0185		6.25665e+20	133.74		102.82	4.74846		0	4.74846		0
Corticalbone_209		2.0285		6.28764e+20	133.081		102.82	4.74846		0	4.74846		0
Corticalbone_210		2.0385		6.31864e+20	132.428		102.82	4.74846		0	4.74846		0
Corticalbone_211		2.0485		6.34964e+20	131.782		102.82	4.74846		0	4.74846		0
Corticalbone_212		2.0585		6.38063e+20	131.142		102.82	4.74846		0	4.74846		0
Corticalbone_213		2.0685		6.41163e+20	130.508		102.82	4.74846		0	4.74846		0
Corticalbone_214		2.0785		6.44263e+20	129.88		102.82	4.74846		0	4.74846		0
Corticalbone_215		2.0885		6.47362e+20	129.258		102.82	4.74846		0	4.74846		0
Corticalbone_216		2.0985		6.50462e+20	128.642		102.82	4.74846		0	4.74846		0
Corticalbone_217		2.1085		6.53561e+20	128.032		102.82	4.74846		0	4.74846		0
Corticalbone_218		2.1185		6.56661e+20	127.427		102.82	4.74846		0	4.74846		0
Corticalbone_219		2.1285		6.59761e+20	126.829		102.82	4.74846		0	4.74846		0
Corticalbone_220		2.1385		6.6286e+20	126.236		102.82	4.74846		0	4.74846		0
Corticalbone_221		2.1485		6.6596e+20	125.648		102.82	4.74846		0	4.74846		0
Corticalbone_222		2.1585		6.6906e+20	125.066		102.82	4.74846		0	4.74846		0
Corticalbone_223		2.1685		6.72159e+20	124.489		102.82	4.74846		0	4.74846		0
Corticalbone_224		2.1785		6.75259e+20	123.918		102.82	4.74846		0	4.74846		0
Corticalbone_225		2.1885		6.78359e+20	123.352		102.82	4.74846		0	4.74846		0
Corticalbone_226		2.1985		6.81458e+20	122.79		102.82	4.74846		0	4.74846		0
Corticalbone_227		2.2085		6.84558e+20	122.234		102.82	4.74846		0	4.74846		0
Corticalbone_228		2.2185		6.87658e+20	121.683		102.82	4.74846		0	4.74846		0
Corticalbone_229		2.2285		6.90757e+20	121.137		102.82	4.74846		0	4.74846		0
Corticalbone_230		2.2385		6.93857e+20	120.596		102.82	4.74846		0	4.74846		0
Corticalbone_231		2.2485		6.96957e+20	120.06		102.82	4.74846		0	4.74846		0
Corticalbone_232		2.2585		7.00056e+20	119.528		102.82	4.74846		0	4.74846		0
Corticalbone_233		2.2685		7.03156e+20	119.001		102.82	4.74846		0	4.74846		0
Corticalbone_234		2.2785		7.06256e+20	118.479		102.82	4.74846		0	4.74846		0
Corticalbone_235		2.2885		7.09355e+20	117.961		102.82	4.74846		0	4.74846		0
Corticalbone_236		2.2985		7.12455e+20	117.448		102.82	4.74846		0	4.74846		0
Corticalbone_237		2.3085		7.15554e+20	116.939		102.82	4.74846		0	4.74846		0
Corticalbone_238		2.3185		7.18654e+20	116.435		102.82	4.74846		0	4.74846		0
Corticalbone_239		2.3285		7.21754e+20	115.935		102.82	4.74846		0	4.74846		0
Corticalbone_240		2.3385		7.24853e+20	115.439		102.82	4.74846		0	4.74846		0
Corticalbone_241		2.3485		7.27953e+20	114.948		102.82	4.74846		0	4.74846		0
Corticalbone_242		2.3585		7.31053e+20	114.46		102.82	4.74846		0	4.74846		0
Corticalbone_243		2.3685		7.34152e+20	113.977		102.82	4.74846		0	4.74846		0
Corticalbone_244		2.3785		7.37252e+20	113.498		102.82	4.74846		0	4.74846		0
Corticalbone_245		2.3885		7.40352e+20	113.023		102.82	4.74846		0	4.74846		0
Corticalbone_246		2.3985		7.43451e+20	112.552		102.82	4.74846		0	4.74846		0
Corticalbone_247		2.4085		7.46551e+20	112.084		102.82	4.74846		0	4.74846		0
Corticalbone_248		2.4185		7.49651e+20	111.621		102.82	4.74846		0	4.74846		0
Corticalbone_249		2.4285		7.5275e+20	111.161		102.82	4.74846		0	4.74846		0
Corticalbone_250		2.4385		7.5585e+20	110.705		102.82	4.74846		0	4.74846		0
Corticalbone_251		2.4485		7.5895e+20	110.253		102.82	4.74846		0	4.74846		0
Corticalbone_252		2.4585		7.62049e+20	109.805		102.82	4.74846		0	4.74846		0
Corticalbone_253		2.4685		7.65149e+20	109.36		102.82	4.74846		0	4.74846		0
Corticalbone_254		2.4785		7.68249e+20	108.919		102.82	4.74846		0	4.74846		0
Corticalbone_255		2.4885		7.71348e+20	108.481		102.82	4.74846		0	4.74846		0
Corticalbone_256		2.4985		7.74448e+20	108.047		102.82	4.74846		0	4.74846		0
Corticalbone_257		2.5085		7.77548e+20	107.616		102.82	4.74846		0	4.74846		0
Corticalbone_258		2.5185		7.80647e+20	107.189		102.82	4.74846		0	4.74846		0
Corticalbone_259		2.5285		7.83747e+20	106.765		102.82	4.74846		0	4.74846		0
Corticalbone_260		2.5385		7.86846e+20	106.344		102.82	4.74846		0	4.74846		0
Corticalbone_261		2.5485		7.89946e+20	105.927		102.82	4.74846		0	4.74846		0
Corticalbone_262		2.5585		7.93046e+20	105.513		102.82	4.74846		0	4.74846		0
Corticalbone_263		2.5685		7.96145e+20	105.102		102.82	4.74846		0	4.74846		0
Corticalbone_264		2.5785		7.99245e+20	104.695		102.82	4.74846		0	4.74846		0
Corticalbone_265		2.5885		8.02345e+20	104.29		102.82	4.74846		0	4.74846		0
Corticalbone_266		2.5985		8.05444e+20	103.889		102.82	4.74846		0	4.74846		0
Corticalbone_267		2.6085		8.08544e+20	103.49		102.82	4.74846		0	4.74846		0
Corticalbone_268		2.6185		8.11644e+20	103.095		102.82	4.74846		0	4.74846		0
Corticalbone_269		2.6285		8.14743e+20	102.703		102.82	4.74846		0	4.74846		0
Corticalbone_270		2.6385		8.17843e+20	102.314		102.82	4.74846		0	4.74846		0
Corticalbone_271		2.6485		8.20943e+20	101.927		102.82	4.74846		0	4.74846		0
Corticalbone_272		2.6585		8.24042e+20	101.544		102.82	4.74846		0	4.74846		0
Corticalbone_273		2.6685		8.27142e+20	101.164		102.82	4.74846		0	4.74846		0
Corticalbone_274		2.6785		8.30242e+20	100.786		102.82	4.74846		0	4.74846		0
Corticalbone_275		2.6885		8.33341e+20	100.411		102.82	4.74846		0	4.74846		0
Corticalbone_276		2.6985		8.36441e+20	100.039		102.82	4.74846		0	4.74846		0
Corticalbone_277		2.7085		8.39541e+20	99.6695		102.82	4.74846		0	4.74846		0
Corticalbone_278		2.7185		8.4264e+20	99.3029		102.82	4.74846		0	4.74846		0
Corticalbone_279		2.7285		8.4574e+20	98.9389		102.82	4.74846		0	4.74846		0
Corticalbone_280		2.7385		8.4884e+20	98.5776		102.82	4.74846		0	4.74846		0
Corticalbone_281		2.7485		8.51939e+20	98.219		102.82	4.74846		0	4.74846		0
Corticalbone_282		2.7585		8.55039e+20	97.8629		102.82	4.74846		0	4.74846		0
Corticalbone_283		2.7685		8.58138e+20	97.5094		102.82	4.74846		0	4.74846		0
Corticalbone_284		2.7785		8.61238e+20	97.1585		102.82	4.74846		0	4.74846		0
Corticalbone_285		2.7885		8.64338e+20	96.81		102.82	4.74846		0	4.74846		0
Corticalbone_286		2.7985		8.67437e+20	96.4641		102.82	4.74846		0	4.74846		0
Corticalbone_287		2.8085		8.70537e+20	96.1206		102.82	4.74846		0	4.74846		0
Corticalbone_288		2.8185		8.73637e+20	95.7796		102.82	4.74846		0	4.74846		0
Corticalbone_289		2.8285		8.76736e+20	95.441		102.82	4.74846		0	4.74846		0
Corticalbone_290		2.8385		8.79836e+20	95.1047		102.82	4.74846		0	4.74846		0
Corticalbone_291		2.8485		8.82936e+20	94.7709		102.82	4.74846		0	4.74846		0
Corticalbone_292		2.8585		8.86035e+20	94.4393		102.82	4.74846		0	4.74846		0
Corticalbone_293		2.8685		8.89135e+20	94.1101		102.82	4.74846		0	4.74846		0
Corticalbone_294		2.8785		8.92235e+20	93.7832		102.82	4.74846		0	4.74846		0
Corticalbone_295		2.8885		8.95334e+20	93.4585		102.82	4.74846		0	4.74846		0
Corticalbone_296		2.8985		8.98434e+20	93.136		102.82	4.74846		0	4.74846		0
Corticalbone_297		2.9085		9.01534e+20	92.8158		102.82	4.74846		0	4.74846		0
Corticalbone_298		2.9185		9.04633e+20	92.4978		102.82	4.74846		0	4.74846		0
Corticalbone_299		2.9285		9.07733e+20	92.1819		102.82	4.74846		0	4.74846		0
Corticalbone_300		2.9385		9.10833e+20	91.8682		102.82	4.74846		0	4.74846		0
Corticalbone_301		2.9485		9.13932e+20	91.5567		102.82	4.74846		0	4.74846		0
Corticalbone_302		2.9585		9.17032e+20	91.2472		102.82	4.74846		0	4.74846		0
Corticalbone_303		2.9685		9.20131e+20	90.9398		102.82	4.74846		0	4.74846		0
Corticalbone_304		2.9785		9.23231e+20	90.6345		102.82	4.74846		0	4.74846		0
Corticalbone_305		2.9885		9.26331e+20	90.3312		102.82	4.74846		0	4.74846		0
Corticalbone_306		2.9985		9.2943e+20	90.03		102.82	4.74846		0	4.74846		0
Corticalbone_307		3.0085		9.3253e+20	89.7307		102.82	4.74846		0	4.74846		0
Corticalbone_308		3.0185		9.3563e+20	89.4334		102.82	4.74846		0	4.74846		0
Corticalbone_309		3.0285		9.38729e+20	89.1381		102.82	4.74846		0	4.74846		0
Corticalbone_310		3.0385		9.41829e+20	88.8448		102.82	4.74846		0	4.74846		0
Corticalbone_311		3.0485		9.44929e+20	88.5533		102.82	4.74846		0	4.74846		0
Corticalbone_312		3.0585		9.48028e+20	88.2638		102.82	4.74846		0	4.74846		0
Corticalbone_313		3.0685		9.51128e+20	87.9762		102.82	4.74846		0	4.74846		0
Corticalbone_314		3.07585		9.53406e+20	87.7659		102.82	4.74846		0	4.74846		0
Corticalbone_315		3.0782		9.54135e+20	87.6989		102.82	4.74846		0	4.74846		0
LexanPolycarbonate		1.195		3.83971e+20	342.98		71.7308	5.08555		0	5.08555		0
G4_WATER		1		3.3428e+20	360.83		78	5.30047		0	5.30047		0
